1948  77.31481481
1949  77.4691358
1950  82.97325103
1951  76.13168724
1952  94.29012346
1953  86.88271605
1954  76.08024691
1955  67.12962963
1956  89.6090535
1957  76.44032922
1958  82.5617284
1959  83.89917695
1960  80.65843621
1961  90.02057613
1962  79.9382716
1963  82.61316872
1964  82.09876543
1965  85.69958848
1966  77.52057613
1967  85.69958848
1968  93.3127572
1969  73.7654321
1970  82.35596708
1971  84.67078189
1972  79.88683128
1973  82.40740741
1974  81.27572016
1975  86.72839506
1976  84.31069959
1977  94.44444444
1978  93.46707819
1979  90.68930041
1980  93.00411523
1981  87.65432099
1982  87.91152263
1983  86.2654321
1984  85.95679012
1985  87.1399177
1986  94.85596708
1987  92.38683128
1988  84.31069959
1989  87.44855967
1990  96.2962963
1991  91.25514403
1992  86.21399177
1993  93.3127572
1994  89.81481481
1995  72.47942387
1996  90.02057613
1997  78.75514403
1998  89.91769547
1999  80.04115226
2000  93.46707819
2001  87.70576132
2002  87.70576132
2003  84.87654321
2004  87.60288066
2005  77.77777778
2006  85.28806584
2007  80.10