1948  28.8
1949  29.01428571
1950  29.14285714
1951  28.28571429
1952  30.17142857
1953  35.31428571
1954  28.07142857
1955  29.01428571
1956  28.71428571
1957  26.35714286
1958  28.41428571
1959  30.85714286
1960  28.8
1961  28.37142857
1962  26.78571429
1963  27.55714286
1964  27.98571429
1965  29.01428571
1966  29.05714286
1967  28.62857143
1968  31.45714286
1969  29.01428571
1970  28.11428571
1971  28.54285714
1972  28.75714286
1973  29.27142857
1974  28.45714286
1975  29.05714286
1976  29.74285714
1977  29.87142857
1978  30.42857143
1979  30.08571429
1980  30.34285714
1981  29.82857143
1982  28.37142857
1983  31.88571429
1984  29.18571429
1985  27.68571429
1986  29.57142857
1987  29.74285714
1988  30.34285714
1989  27.98571429
1990  30.55714286
1991  28.07142857
1992  26.61428571
1993  29.52857143
1994  27.08571429
1995  27.98571429
1996  28.71428571
1997  26.22857143
1998  28.8
1999  28.41428571
2000  29.82857143
2001  27.34285714
2002  32.44285714
2003  27.55714286
2004  27.21428571
2005  29.52857143
2006  30.47142857
2007  26.0